28/04/2012
28844
0
B;8200;8203;119;615;616;134;147;160;169;8637;8638;8641;8642
B;8655;8656;8659;8660;8470;523;536;537
N;501;590;591;508;507;224;225;8538;8549
N;500;8505;127;8416;8417;8673;8674;8484;8485
N;303;304;8109;110;512;8471
N;107;8108;510;511;212;213;214;221;8173;8420;8421
N;414;415;8170;317;318
N;8452;8453;8468;8469;8621;8622;8631;8632;8635;8636;186;195
N;8102;8208;8209;8206;8207;135;633;634;178;179;192
N;8604;120;8145;158;8522;8513;8530;8531;234;235
C;605;606;611;612;617;618

---
8452;8453;8468;8469;8621;8622;
414;415;
8655;8656;8659;8660;
605;606;611;612;617;618;
8604;120;127;8416;8417;
8102;8109;110;512;8471;
8631;8632;8635;8636;186;195;
160;169;8637;8638;8641;8642;
8673;8674;8484;8485;
8170;8173;8420;8421;
500;8505;
8200;8203;119;615;616;134;
303;304;
107;8108;
8208;8209;8206;8207;
590;591;508;507;
510;511;212;213;214;221;
8145;158;8522;8513;8530;8531;
147;8470;523;536;537;
135;633;634;178;179;192;
224;225;8538;8549;
317;318;
234;235;
501