20/04/2012
40513
0
B;303;304;8204;8215;508;507;8216;8217;8220;8219;8179;8188
B;8145;8168;522;523;530;531;8195
B;8452;8453;8609;8610;8132;8518;8519;8169;8178;8228;8231
N;8503;512;513;214;221;173;186;317;318
N;500;501;590;591;8129;663;664;472;473;639;640
N;8200;8203;8208;8209;206;207;311;312;175;8645;8646
N;101;102;8119;8659;8660;8619;8620;8629;8630;8633;8634;8428;8429
N;8103;8104;8109;416;417;8420;8421;8474;8475;8627
N;236;237;8309;8310;8171;8172;8226;8229;8540
N;414;415;120;127;661;662;8158;8135;8166;8524;8525;8536;8537
N;8106;8504;8505;8510;8511;147;631;632;170;224;225;230;233
N;8655;8656;617;618;621;622;160;167;635;636;484;485
N;607;608;8110;6100;6101;8526;8529;234;235
N;8134;8506;8521;222;227;191;192
C;8107;8108;212;213;8177;673;674;422;423
C;605;606;8468;8469;8464;8465;8643;8644;176;538;549
C;8604;8637;8638;8641;8642

---
414;415;120;127;661;662;
8452;8453;8609;8610;8132;8145;
8106;8504;8505;8510;8511;147;
8655;8656;617;618;621;622;
605;606;8468;8469;8464;8465;
607;608;
8604;
416;417;8420;8421;8474;8475;8627;
8629;8630;8633;8634;8428;8429;
663;664;472;473;639;640;
8168;522;523;530;531;8195;
160;167;635;636;484;485;
631;632;170;175;8645;8646;
8643;8644;8641;8642;
8637;8638;
422;423;
500;501;590;591;8129;8134;
8200;8203;8208;8209;206;207;
101;102;8119;8659;8660;8619;8620;8158;
303;304;8204;8215;508;507;
8103;8104;8109;8110;6100;6101;
236;237;
8107;8108;
512;513;214;221;173;186;
212;213;8177;673;674;176;
8309;8310;8171;8172;8226;8229;
8518;8519;8169;8178;8228;8231;
8216;8217;8220;8219;8179;8188;
8506;8521;222;227;191;192;
8135;8166;8524;8525;8536;8537;
311;312;317;318;
8526;8529;234;235;
224;225;230;233;
538;549;
8503
8540