19/04/2012
37076
0
B;103;104;111;8617;8618;8420;8421;8637;8638;8641;8642
B;8414;8415;8412;8413;8621;8622;8160;8522;8523;8530;8531
N;8503;8518;8519;8220;8219;8179;188
N;8200;8203;119;659;660;132;8145;8635;8636;8639;8640
N;101;102;8208;8209;8206;8207;8538
N;8303;8304;210;211;8512;8513;169
N;236;237;8109;110;212;213;171;428;429
N;107;8108;510;511;8147;8631;8632;170;224;225;195
N;8452;8453;8468;8469;8470;8471;172;234;235
N;8106;8504;8505;8165;174;8536;8537
N;655;656;609;610;663;664;673;674;484;485
N;605;606;112;6200;6201;167;8178;228;231
N;607;608;120;8127;8158;214;221;173;186;8317;8318
C;8500;8501;8590;8591;8129;8168;175;8627
C;8100;105;611;612;8134;8135;8633;8634;8474;8475;192
C;8604;166;8524;8525;191

---
8414;8415;8412;8413;8621;8622;
8452;8453;8468;8469;8470;8471;
8106;8504;8505;510;511;8147;
655;656;609;610;663;664;
605;606;112;6200;6201;167;
8100;105;611;612;
607;608;120;8127;
8604;
8631;8632;170;224;225;195;
8420;8421;8637;8638;8641;8642;
166;8524;8525;191;
673;674;484;485;
8168;175;8627;
8635;8636;8639;8640;
428;429;
8500;8501;8590;8591;8129;8134;
8200;8203;119;659;660;132;8145;8158;
101;102;8208;8209;8206;8207;
8303;8304;210;211;8512;8513;
103;104;111;8617;8618;8160;
236;237;8109;110;212;213;
107;8108;
8518;8519;8220;8219;8179;188;
8135;8633;8634;8474;8475;192;
214;221;173;186;8317;8318;
8522;8523;8530;8531;
171;172;234;235;
169;8178;228;231;
8165;174;8536;8537;
8503
8538