10/04/2012
40001
0
B;8200;8203;119;8412;8413;8134;8147;8635;8636;8641;8642
B;8106;8504;8505;8510;8511;522;523;530;531
N;8503;8212;8213;6100;6101;8173;192
N;500;501;8111;110;518;519;220;219;179
N;101;607;608;659;660;132;145;8633;8634;8639;8640
N;8303;8304;8109;8617;8618;160;169;178;191
N;236;237;8127;8621;8622;420;421;8474;8475;8627
N;107;8108;129;8631;8632;8170;8538
N;8414;8415;120;8171;8172;228;231
N;655;656;8468;8469;8663;8664;673;674;8428;8429
N;8100;105;611;612;158;8214;8221;8224;8225;8234;8235
N;102;8208;8209;512;513;167;188
N;8604;8166;8524;8525;8536;8537
C;8103;8104;590;591;8135;8168;8165;484;485
C;8452;8453;609;610;8470;8471;186;195
C;605;606;112;8206;8207;8317;8318

---
8452;8453;609;610;8470;8471;
8414;8415;120;8127;8621;8622;
8106;8504;8505;8510;8511;8147;
655;656;8468;8469;8663;8664;
605;606;112;8206;8207;8135;
8100;105;611;612;
102;8208;8209;512;513;167;
8604;
420;421;8474;8475;8627;
8166;169;178;191;
8633;8634;8639;8640;
673;674;8428;8429;
8168;8165;484;485;
8635;8636;8641;8642;
186;195;
500;501;8111;110;
8200;8203;119;8412;8413;8134;
101;607;608;659;660;132;145;158;
8303;8304;8109;8617;8618;160;
8103;8104;590;591;
236;237;
107;8108;129;8631;8632;8170;
8212;8213;6100;6101;8173;192;
518;519;220;219;179;188;
8214;8221;8224;8225;8234;8235;
522;523;530;531;
8171;8172;228;231;
8524;8525;8536;8537;
8317;8318;
8503
8538