04/04/2012
42766
0
B;103;104;8109;8617;8618;8621;8622;8633;8634
B;8106;8105;8112;8206;8207;8518;8519;8524;8525;8536;8537
N;8503;8504;8505;8512;8513;8522;8523;8530;8531
N;8500;8501;111;420;421;484;485
N;8200;8203;8208;8209;167;170;173;641;642
N;101;102;8590;8591;8212;8213;8165;8639;8640
N;8236;8237;8538
N;107;8108;8510;8511;135;166;169;178;8179;8188;8195
N;8452;8453;110;129;8663;8664;8635;8636;8428;8429
N;655;656;659;660;132;8147;8631;8632;8172;8317;8318
N;605;606;611;612;186;191;192
N;8100;119;8468;8469;134;214;221
N;8604;609;610;8168;224;225;234;235
C;303;304;145;8160;8171;8474;8475;8627
C;8414;8415;120;8127;470;471;8673;8674
C;607;608;8412;8413;158;8220;8219;8228;8231

---
8452;8453;
8414;8415;
8106;8105;
655;656;659;660;
605;606;611;612;
8100;111;
607;608;8412;8413;
8604;609;610;
104;8109;
120;8127;470;471;8673;8674;
8617;8618;8621;8622;8633;8634;
110;129;8663;8664;8635;8636;
132;8212;8213;8165;8639;8640;
8160;8171;8474;8475;8627;
420;421;484;485;
166;169;178;8179;8188;8195;
8428;8429;
641;642;
8500;8501;
8200;8203;8208;8209;
101;102;8590;8591;
303;304;
103;8112;8206;8207;
8236;8237;
107;8108;8510;8511;
8504;8505;
119;8468;8469;134;214;221;
145;158;8220;8219;8228;8231;
8512;8513;8522;8523;8530;8531;
8147;8631;8632;8172;8317;8318;
8518;8519;8524;8525;8536;8537;
135;8168;224;225;234;235;
167;170;173;186;191;192;
8503
8538