09/04/2012
35671
0
B;101;607;608;8617;8618;8621;8622
B;102;8208;8209;8206;8207
N;8503;8504;8505;8510;8511;8512;8513;8214;8221;173;186;317;318
N;8200;8203;119;8468;8469;673;674;428;429
N;8303;8304;8127;8132;145;158;8135;8633;8634;8474;8475;8627
N;103;104;8590;8591;8195
N;236;237;8109;8420;8421;484;485
N;107;8108;8530;8531;8538
N;8452;8453;659;660;8631;8632;8635;8636;8641;8642
N;8414;8415;8609;8610;8134;169;178;8536;8537
N;605;606;611;612;8166;8220;8219;8179;8188
N;8100;8105;110;8212;8213;167;170;8224;8225;8234;8235
N;8604;120;8147;8160;8522;8523;8228;8231
C;8500;8501;8204;8215;8129;8663;8664
C;8106;518;519;8524;8525;191;192
C;655;656;8412;8413;470;471;8639;8640

---
8414;8415;8609;8610;
8452;8453;659;660;
8106;8204;8215;8129;8663;8664;
655;656;8412;8413;
8100;8105;
605;606;611;612;
607;608;8617;8618;8621;8622;
8604;
120;8127;8132;145;158;8135;
470;471;8639;8640;
8631;8632;8635;8636;8641;8642;
8420;8421;484;485;
8633;8634;8474;8475;8627;
8166;8220;8219;8179;8188;8195;
673;674;428;429;
8500;8501;
8200;8203;119;8468;8469;8134;
101;102;8208;8209;8206;8207;
8303;8304;
103;104;8590;8591;
236;237;8109;110;8212;8213;
107;8108;
8504;8505;8510;8511;8512;8513;
8147;8160;8522;8523;8228;8231;
518;519;8524;8525;191;192;
8214;8221;173;186;317;318;
167;170;8224;8225;8234;8235;
169;178;8536;8537;
8530;8531;
8503
8538