29/04/2012
35062
0
B;8500;8501;8510;8511;506;507;8173;422;8231;8236;8237
B;8200;8203;8119;8615;8616;8464;8465;8663;8664;172;175;8645;8646
B;8134;518;519;8220;8219;179;188
N;8107;472;473;8484;8485
N;127;416;417;8631;8632;170;224;429;8627
N;210;211;135;8673;8674;8186;191
N;6100;6101;171;8643;8644;176;195
N;8147;8420;8421;8474;8475;192;8540
N;222;227;8228;423
N;8414;8415;8661;8662;8629;8630;8633;8634;428;225
N;8452;8453;8110;8311;8312;526;529;234;235
N;8605;8606;166;169;178;8317;8318
N;8102;8216;8217;8524;8525;8536;8537
N;8108;6200;6201;522;523;8226;8229;532;535
C;303;304;208;209;8145;8637;8638;8641;8642
C;655;656;619;620;160;167;8635;8636;8639;8640
C;158;8214;8221;530;531;8230;8233

---
8452;8453;8110;210;211;135;
8414;8415;8661;8662;8629;8630;
655;656;619;620;160;167;
8605;8606;
8102;127;416;417;8631;8632;
8464;8465;8663;8664;172;175;
8633;8634;428;225;195;
166;222;227;8228;423;
472;473;8484;8485;
8673;8674;8186;191;
8635;8636;8639;8640;
170;224;429;8627;
8637;8638;8641;8642;
8645;8646;
8500;8501;8510;8511;506;507;
8200;8203;8119;8615;8616;8134;
303;304;208;209;8145;158;
8107;8108;6200;6201;522;523;
6100;6101;171;8643;8644;176;
8147;8420;8421;8474;8475;192;
518;519;8220;8219;179;188;
8216;8217;8524;8525;8536;8537;
8311;8312;526;529;234;235;
8214;8221;530;531;8230;8233;
169;178;8317;8318;
8173;422;8231;8236;8237;
8226;8229;532;535;
8540